[0.032480023880777836, 1.04136202744265, 1.0009679594880005, 0.998279746566668, 0.996266772293965, 1.0036141065345532, 1.0275067494438572, 0.9867859566361509, 1.0029106451936476, 0.9851135491536818, 1.0705438312657019, 1.0123672509676227, 1.0236862306943038, 1.0015987069556793, 1.0602895313339151, 1.004292521081701]
[0.3933237700847678, 0.31868350845677096, 0.7355500089996713, 0.7291220976552036, 0.751341804555205, 0.7481432120840045, 0.7036761222823664, 0.7614734382093628, 0.7443375893561006, 0.6941839032348156, 0.806862361257946, 0.7165862069790724, 0.7190246097499072, 0.6909894245832385, 0.7960552171035785, 0.7058287795399689]
[0.4635689170993823, 0.7531454551192703, 0.2642942114168942, 0.7162981663894324, 0.7188430510018985, 0.721139381100513, 0.713666757646857, 0.7467022629991138, 0.7048121527394189, 0.6516910239181641, 0.7579359424094655, 0.6959486531247553, 0.6536072305909015, 0.6478710680196931, 0.7694283585815082, 0.6808933806266334]
[0.45708532055172685, 0.7479158832928335, 0.7389684425983734, 0.2663958674811479, 0.7222191535548906, 0.6967062537986093, 0.7160136334575177, 0.7482131438086774, 0.7148014310340409, 0.6399689295143718, 0.7683774420593914, 0.684904501946423, 0.6500158015194876, 0.6586230806499758, 0.7691053026386466, 0.6879943462003518]
[0.38272216266008185, 0.7548143910351154, 0.6898069436404924, 0.7080697482432191, 0.3341591825470561, 0.7110117075282202, 0.7085660665980072, 0.7516526563318485, 0.7098837173322622, 0.6435916584456384, 0.7859200365506218, 0.7002662129057242, 0.6884481910404315, 0.6583979932377262, 0.7745839948903783, 0.6815985578807957]
[0.39108013471415487, 0.7513265684304092, 0.6908135359519352, 0.7021310019213887, 0.7175266970317893, 0.33807433365286, 0.6662959330789805, 0.7445555956802293, 0.6978557719446477, 0.6692640665467766, 0.780190585472978, 0.6926965133239701, 0.671200485114257, 0.6559427183556243, 0.7622634611780978, 0.647609226442633]
[0.5839118223108303, 0.7912592604632265, 0.7477402327705788, 0.7467152094458392, 0.7765289026790202, 0.7568528561196527, 0.17326074590102447, 0.7994082708912241, 0.759590868838805, 0.7054111167983181, 0.8275085233825736, 0.7311575216642268, 0.7223652373768122, 0.7290440429820492, 0.8113715075625247, 0.7029400476771397]
[0.2999122112827805, 0.7671919387286714, 0.7466743063478303, 0.7426195282887276, 0.7546998192623459, 0.7550876380291717, 0.7519036778179264, 0.4129507172106019, 0.739532746569973, 0.7020146830446402, 0.814416038188181, 0.7362077185449606, 0.7176438600529748, 0.6878935543779513, 0.7996271263097888, 0.7026695439290305]
[0.38244444601810373, 0.7403316259551881, 0.689361967034368, 0.6962291364186769, 0.7176233276368063, 0.6528011948739926, 0.7062714581439831, 0.7415058917106312, 0.3421018557891851, 0.6477668452837186, 0.7583440830186023, 0.6792042085789853, 0.6659281905572482, 0.6539828178150034, 0.7578746768803813, 0.6876026532726132]
[0.45984010153321087, 0.7400901632306267, 0.6659563084941316, 0.6912400568659725, 0.7080165061962095, 0.6980669542487481, 0.6942399567148589, 0.7362533926528778, 0.6919862774768113, 0.26462112834606677, 0.7509423034380301, 0.6544108437777402, 0.6557254846229289, 0.638541151524986, 0.7527437334049127, 0.6310390529281812]
[1.3324555793279689, 1.2373813076573488, 1.1854659011204938, 1.182436491661776, 1.208571994735593, 1.2143910088225647, 1.2213378306622131, 1.2240822587747913, 1.1983941324820653, 1.1635428820685692, 0.00016501531592598976, 1.1929578672621037, 1.2085063893365124, 1.176324502737236, 1.252641950300233, 1.177976013092321]
[0.5060478196709075, 0.7592210892790869, 0.69917373560059, 0.7101183526818601, 0.7348698832764533, 0.7178073645008953, 0.7082475567391802, 0.760871194945004, 0.7073636156884446, 0.6572563809588464, 0.7867675970498045, 0.2278322059663871, 0.683231657691114, 0.6713275417395489, 0.7804592664040858, 0.6688715461146693]
[0.4609712529012131, 0.7429348135335553, 0.7038032755162438, 0.6923148031555838, 0.7226759626180617, 0.6940217187790017, 0.6698128263746378, 0.7436502951454507, 0.6831051315545046, 0.6685891054723481, 0.7741860219776479, 0.6790632468519411, 0.2803765381943004, 0.6094076887437876, 0.756965110484137, 0.6477811849284958]
[0.44162100556804224, 0.7234736328393072, 0.6800947018786038, 0.687176075283807, 0.7144292640965902, 0.689654432403015, 0.6922196097092819, 0.7355718137315992, 0.686411347839139, 0.6462660229609991, 0.7723625965264195, 0.6729962118669075, 0.6249035750699876, 0.2839653387314863, 0.7579862970050318, 0.6547782739074809]
[0.627991612029341, 0.8277124286628685, 0.7820437483939155, 0.7893721560624927, 0.8058100385329556, 0.7973366694820888, 0.7924148706550403, 0.8242963504594394, 0.7929978845992174, 0.7550978611430472, 0.871657567177822, 0.7819507471091289, 0.7651730047253587, 0.7613063687221827, 0.15723760311110047, 0.7496645105862292]
[0.4741623278076281, 0.758239378830696, 0.7030619879834331, 0.7157238682480368, 0.7382759610369752, 0.7211163409220549, 0.6654747831444644, 0.7559980850256429, 0.7306498898979138, 0.6642325294528983, 0.7802640797453401, 0.7018177436603614, 0.6951507340601234, 0.6615469831908785, 0.7859188614634858, 0.2484651963768693]
['三十三剑客图.txt', '书剑恩仇录.txt', '侠客行.txt', '倚天屠龙记.txt', '天龙八部.txt', '射雕英雄传.txt', '白马啸西风.txt', '碧血剑.txt', '神雕侠侣.txt', '笑傲江湖.txt', '越女剑.txt', '连城诀.txt', '雪山飞狐.txt', '飞狐外传.txt', '鸳鸯刀.txt', '鹿鼎记.txt']
[0, 1, 2, 3, 4, 5, 6, 0, 8, 9, 10, 11, 12, 13, 14, 15]
[('曰', 58), ('杀', 43), ('李靖', 36), ('举人', 34), ('杨行密', 34), ('秦桧', 33), ('骈', 32), ('故事', 31), ('高宗', 25), ('李勉', 25)]
[('陈家洛', 190), ('张召重', 70), ('文泰来', 62), ('骆冰', 51), ('见', 50), ('徐天宏', 47), ('周仲英', 38), ('众人', 37), ('会', 35), ('红花', 35)]
[('便', 651), ('石破天', 136), ('不能', 80), ('时', 74), ('爷爷', 65), ('雪山', 63), ('夫妇', 61), ('十分', 60), ('白万剑', 51), ('老人', 47)]
[('张无忌', 178), ('便', 101), ('张翠山', 50), ('武功', 40), ('宋青书', 40), ('见', 38), ('谢逊', 35), ('殷素素', 34), ('赵敏', 34), ('那小鬟', 28)]
[('虚竹', 58), ('契丹', 54), ('段誉', 43), ('黄眉僧', 38), ('听', 36), ('王夫人', 34), ('段延庆', 32), ('南海', 31), ('叶二娘', 31), ('没', 30)]
[('见', 318), ('郭靖', 106), ('当下', 85), ('黄蓉', 78), ('欧阳克', 74), ('洪七公', 71), ('铁木真', 63), ('喝道', 59), ('哲别', 55), ('听', 54)]
[('李文秀', 235), ('麽', 194), ('知道', 185), ('没', 179), ('走', 139), ('死', 133), ('苏鲁克', 110), ('突然', 107), ('出去', 101), ('杀', 100)]
[('袁承志', 268), ('青青', 56), ('袁崇焕', 51), ('大汉', 48), ('见', 45), ('洪胜海', 44), ('走', 31), ('总兵', 31), ('心想', 30), ('原来', 27)]
[('杨过', 175), ('不知', 152), ('甚', 115), ('武功', 97), ('小龙女', 93), ('二人', 78), ('便是', 64), ('牋', 62), ('之下', 55), ('麽', 53)]
[('中', 528), ('想', 217), ('令狐冲', 174), ('之中', 122), ('派', 116), ('弟子', 65), ('仪琳', 64), ('剑法', 58), ('不会', 50), ('心下', 49)]
[('范蠡', 256), ('剑士', 225), ('一声', 180), ('青衣', 105), ('剑', 100), ('勾践', 100), ('阿青', 99), ('长剑', 85), ('身子', 82), ('少女', 80)]
[('师父', 125), ('倒', 119), ('起来', 94), ('狄云', 88), ('更', 83), ('万圭', 74), ('万震山', 62), ('水笙', 61), ('不错', 55), ('不住', 55)]
[('听', 350), ('只见', 192), ('众人', 133), ('两人', 132), ('心中', 119), ('麽', 118), ('曹云奇', 108), ('竟', 105), ('脸上', 98), ('站', 88)]
[('说道', 404), ('一个', 336), ('瞧', 185), ('笑', 143), ('胡斐', 127), ('两个', 94), ('出', 67), ('程灵素', 62), ('银子', 57), ('低声', 56)]
[('萧中慧', 101), ('周威信', 84), ('麽', 83), ('卓天雄', 76), ('著', 65), ('瞎子', 64), ('任飞燕', 61), ('萧半和', 61), ('袁冠南', 60), ('林玉龙', 59)]
[('道', 1871), ('说', 748), ('韦小宝', 272), ('做', 173), ('康熙', 113), ('话', 105), ('心想', 99), ('皇帝', 92), ('吃', 88), ('女子', 83)]



[[8.36237471e-01 6.16808019e-04 1.23361604e-02 1.38781804e-03
  4.62606014e-04 8.63531226e-03 1.60370085e-02 3.23824210e-03
  9.71472629e-03 2.14340786e-02 1.09483423e-02 1.06399383e-02
  2.00462606e-02 1.68080185e-02 4.62606014e-04 3.09946029e-02]
 [3.08356460e-04 7.79370953e-01 1.85013876e-02 1.38760407e-03
  6.16712920e-04 1.85013876e-03 2.59019426e-02 6.16712920e-04
  1.07924761e-02 1.80388529e-02 1.41843972e-02 1.55720012e-02
  2.94480419e-02 2.85229726e-02 1.23342584e-03 5.36540241e-02]
 [3.07976594e-04 1.53988297e-04 7.70095473e-01 1.53988297e-03
  7.69941484e-04 1.10871574e-02 2.49461041e-02 1.07791808e-03
  1.20110872e-02 2.01724669e-02 2.27902679e-02 1.33969818e-02
  2.92577764e-02 3.55712966e-02 1.38589467e-03 5.54357869e-02]
 [7.70653514e-04 4.62392109e-04 1.54130703e-04 7.52620222e-01
  1.69543773e-03 1.52589396e-02 3.59124538e-02 3.08261406e-04
  7.55240444e-03 2.37361282e-02 2.32737361e-02 1.78791615e-02
  3.79161529e-02 3.00554871e-02 1.84956843e-03 5.05548705e-02]
 [1.25019534e-03 3.12548836e-04 2.15658697e-02 1.56274418e-04
  7.64025629e-01 1.53148930e-02 2.26597906e-02 1.40646976e-03
  1.45335209e-02 2.75042975e-02 1.70339115e-02 1.06266604e-02
  2.59415534e-02 2.70354743e-02 9.37646507e-04 4.96952649e-02]
 [3.08832613e-04 6.17665225e-04 1.59048796e-02 1.54416306e-04
  7.72081532e-04 7.76096356e-01 3.65966646e-02 2.00741198e-03
  1.00370599e-02 1.79122915e-02 1.69857937e-02 1.46695491e-02
  2.87214330e-02 3.22730080e-02 1.38974676e-03 4.55528104e-02]
 [1.23304562e-03 0.00000000e+00 2.01911221e-02 3.08261406e-04
  1.54130703e-04 1.40258940e-02 7.86220715e-01 3.08261406e-04
  9.71023428e-03 2.21948212e-02 1.29469790e-02 1.47965475e-02
  2.83600493e-02 2.21948212e-02 9.24784217e-04 6.64303329e-02]
 [1.69831712e-03 7.71962328e-04 1.25057897e-02 1.38953219e-03
  7.71962328e-04 1.03442952e-02 2.30044774e-02 7.79064382e-01
  9.26354794e-03 2.03798055e-02 2.22325151e-02 1.34321445e-02
  2.97977459e-02 2.68642890e-02 1.38953219e-03 4.70897020e-02]
 [3.52050695e-04 0.00000000e+00 2.11230417e-02 5.28076043e-04
  3.52050695e-04 1.51381799e-02 2.79880303e-02 8.80126738e-04
  7.66414364e-01 2.34113712e-02 1.65463827e-02 2.28832952e-02
  2.67558528e-02 2.74599542e-02 1.58422813e-03 4.85829960e-02]
 [4.61964891e-04 3.07976594e-04 2.54080690e-02 1.07791808e-03
  6.15953188e-04 1.27810286e-02 3.03356945e-02 0.00000000e+00
  1.06251925e-02 7.57622421e-01 1.72466893e-02 1.90945488e-02
  3.07976594e-02 2.97197413e-02 1.23190638e-03 6.26732368e-02]
 [9.33706816e-04 3.11235605e-04 1.66511049e-02 3.11235605e-04
  1.55617803e-04 7.15841892e-03 1.61842515e-02 0.00000000e+00
  8.87021475e-03 2.33426704e-02 8.19327731e-01 1.04263928e-02
  2.25645814e-02 2.62994087e-02 7.78089013e-04 4.66853408e-02]
 [1.54012013e-04 6.16048052e-04 1.80194055e-02 7.70060065e-04
  3.08024026e-04 1.24749730e-02 2.40258740e-02 3.08024026e-04
  1.12428769e-02 2.15616818e-02 2.03295857e-02 7.66979824e-01
  3.74249191e-02 2.81841984e-02 2.92622825e-03 5.46742646e-02]
 [3.07787011e-04 4.61680517e-04 1.50815636e-02 4.61680517e-04
  4.61680517e-04 1.60049246e-02 2.86241921e-02 6.15574023e-04
  9.84918436e-03 1.67743921e-02 1.53893506e-02 1.89289012e-02
  7.85318560e-01 3.73961219e-02 1.23114805e-03 5.30932595e-02]
 [4.61680517e-04 2.30840259e-03 2.03139428e-02 1.07725454e-03
  3.07787011e-04 1.90827947e-02 2.29301323e-02 6.15574023e-04
  1.00030779e-02 1.98522622e-02 1.64666051e-02 1.61588181e-02
  4.41674361e-02 7.69467528e-01 2.46229609e-03 5.43244075e-02]
 [4.76417342e-04 6.35223122e-04 1.44513260e-02 1.27044624e-03
  3.17611561e-04 1.42925202e-02 2.35032555e-02 1.58805781e-04
  8.57551215e-03 2.06447515e-02 1.58805781e-02 1.11164046e-02
  3.01730983e-02 1.81038590e-02 7.91488010e-01 4.89121804e-02]
 [1.71660424e-03 1.24843945e-03 1.66978777e-02 1.09238452e-03
  3.12109863e-04 1.60736579e-02 3.02746567e-02 4.68164794e-04
  1.34207241e-02 2.40324594e-02 2.02871411e-02 2.45006242e-02
  2.63732834e-02 2.51248439e-02 1.24843945e-03 7.97128589e-01]]
